
M4 = [  1 -2  1  1  ; 
	1 -2  1 -1  ; 
        1 -2  1  5  ; 
        1 -2  1 -1  ; 
        1 -2  1  5  ]

^- [4x5]

M4 = [  1  2 -1  3 |  22	; 
	2 -1  4 -5 | -38	; 
       -1 -2  1  2 |   3	;
	3 -4  2  5 |   6	]

xxxxxxxxxxxxxxxxxxxxxxxxxxxxxxxxxxxxxxxxxxxxxxxxxxxxxxxxxxxxxxxxxxxxxxxxxx

The big evil matrix [8x8]

[  2.   2.   2.   14.   14.   2.   28.   14. | 0; 
   8.  17.   8.  113.  104.   8.  232.  104. | 0; 
 -10. -10. -10.  -62.  -62. -10. -122.  -62. | 0; 
  12.  12.  12.   84.   84.  12.  169.   84. | 0; 
   4.  31.   4.  215.  188.   4.  452.  188. | 0; 
 -52. -52. -52. -364. -364. -52. -733. -364. | 0; 
  52. 115.  52.  763.  700.  52. 1568.  700. | 0; 
  80.  80.  80.  544.  544.  80. 1089.  544. | 0]

Echelonnée

    2.    2.    2.    14.    14.    2.    28.     14.    0.  
    0.    9.    0.    57.    48.    0.    120.    48.    0.  
    0.    0.    0.    8.     8.     0.    18.     8.     0.  -> Sous-déterminé  
    0.    0.    0.    16.    16.    0.    36.     16.    0.  
    0.    0.    0.    0.     0.     0.    1.      0.     0.  -> Sous-déterminé  
    0.    0.    0.    0.     0.     0.  - 5.      0.     0.  -> Sous-déterminé  
    0.    0.    0.    0.     0.     0.    5.      0.     0.  
    0.    0.    0.    0.     0.     0.    0.      0.     0.  -> Sous-déterminé
 